35
52
69
86
120
137
154
171
194
211
228
251
268
285
302
336
353
370
387
421
438
455
472
506
523
540
557
591
608
625
642
648
665
682
716
733
750
767
801
818
835
852
886
903
920
937
979
996
1013
1030
1064
1081
1098
1115
1149
1166
1183
1200
1234
1251
1268
1285
1319
1336
1353
1370
1404
1421
1438
1455
1489
1506
1523
1540
1574
1591
1608
1625
1664
1681
1698
1716
1750
1767
1784
1801
1835
1852
1869
1886
1920
1937
1954
1971
2005
2022
2039
2056
2090
2107
2124
2141
2175
2277
2294
2311
2345
2362
2379
2396
2452
2475
2476
2493
2510
2544
2561
2578
2595
2629
2646
2663
2680
2714
2731
2748
2765
2799
2816
2833
2850
2884
2901
2918
2935
2969
2985
3019
3036
3053
3070
3104
3121
3138
3155
3189
3213
3230
3247
3264
3298
3315
3332
3349
3383
3400
3417
3434
3468
3485
3502
3519
3553
3570
3587
3604
3638
3655
3672
3689
3723
3740
3757
3774
3808
3825
3859
3876
3893
3934
3951
3968
3985
4019
4036
4053
4070
4104
4121
4138
4155
4172
4189
4206
4240
4257
4274
4291
4325
4342
4359
4376
4411
4428
4445
4462
4496
4513
4530
4562
4579
4596
4613
4647
4681
4698
4715
4732
4766
4783
4800
4817
4834
4851
4868
4902
4919
4936
4953
4987
5004
5021
5038
5072
5089
5106
5123
5157
5174
5191
5208
5242
5259
5276
5293
5310
5328
5345
5362
5396
5413
5430
5447
5481
5498
5515
5532
5573
5590
5607
5624
5658
5675
5692
5709
5743
5760
5777
5794
5828
5845
5862
5879
5913
5930
5947
5964
5998
6015
6032
6049
6083
6099
6183
6200
6234
6251
6268
6282
6285
6319
6336
6353
6370
6404
6421
6438
6455
6489
6539
6699
7100
7108
7116
7124
7139
7149
7159
7169
7187
7195
7203
7210
7235
7252
9962
10918
10920
11300
11433
11719
11965
12147
12464
12860
13297
13702
16070
16078
16090
16095
16098
16183
16201
16218
16220
16237
16254
16272
16288
16319
16322
16330
16349
16366
16410
16436
16447
16507
16516
16550
16578
16629
16636
16653
16670
16830
16847
16860
16892
16914
16937
16958
16960
16977
16994
17014
17033
17050
17089
17109
17110
17113
17130
17146
17323
17349
17358
17368
17369
17377
17384
17386
17387
17390
17392
17406
17446
17448
17465
17482
17499
17516
17561
17572
17608
17642
17655
17687
17711
17728
17745
17762
17796
17813
17830
17847
17881
17898
17901
17935
17956
17966
17983
18000
18017
18272
18299
18389
18409
18449
18586
18592
18613
18652
18666
18671
18674
18693
18703
18711
18815
19042
19065
19230
19266
19485
19489
19493
19499
19573
19610
19612
19620
19672
19704
19708
19751
19755
19958
19960
19962
19964
19968
19971
19974
19976
19984
19990
19999
20011
20023
20028
20044
20048
20056
20065
20070
20074
20086
20097
20100
20122
20124
20155
20165
20169
20175
20180
20194
20206
20221
20228
20238
20242
20243
20247
20250
20254
20261
20266
20277
20281
20282
20284
20289
20295
20304
20318
20328
20336
20340
20351
20359
20374
20383
20404
20406
20416
20430
20436
20440
20450
20476
20483
20509
20510
20515
20517
20519
20526
20532
20539
20542
20544
20554
20557
20567
20571
20573
20574
20580
20583
20596
20610
20650
20856
20943
21284
21607
21619
21639
21644
21666
